[1.0, 2.2579571989922442e-08]
[1.0, 5.330641483780596e-11]
[1.0, 1.0426234986482541e-08]
[1.0, 1.4134455827985448e-09]
[1.0, 1.9981807319879863e-09]
[1.0, 6.119965645368097e-10]
[1.0, 2.5718307483657554e-08]
[1.0, 1.9236171683312264e-11]
[0.9999995231628418, 4.790692287315323e-07]
[0.9999366998672485, 6.334127101581544e-05]
[0.9997162222862244, 0.00028379407012835145]
[0.9995774626731873, 0.0004225471639074385]
[0.9999105930328369, 8.935163350543007e-05]
[1.0, 9.446616232311467e-12]
[0.5672945976257324, 0.4327053427696228]
[1.0, 5.812289668657988e-13]
[0.9999995231628418, 4.349256244040589e-07]
[nan, nan]
[0.028384936973452568, 0.9716150760650635]
[nan, nan]
[0.06383006274700165, 0.9361699819564819]
[nan, nan]
[0.07327151298522949, 0.9267284870147705]
[nan, nan]
[0.15112140774726868, 0.8488785624504089]
[nan, nan]
[nan, nan]
[0.9999388456344604, 6.110788672231138e-05]
[nan, nan]
[0.04001196101307869, 0.9599880576133728]
[0.9971058964729309, 0.0028940699994564056]
[0.0360521636903286, 0.9639478921890259]
[1.0, 1.974025456985551e-11]
[0.08538436144590378, 0.9146156907081604]
[0, 0]
[0.9995637536048889, 0.0004362171166576445]
[0.9982884526252747, 0.001711587654426694]
[0.9989929795265198, 0.0010070648277178407]
[0.9697858691215515, 0.030214127153158188]
[0.9999481439590454, 5.1862967666238546e-05]
[0.9972844123840332, 0.0027156388387084007]
[0.9989184141159058, 0.001081552472896874]
[0.969761073589325, 0.030238892883062363]
[0.9963085055351257, 0.003691424848511815]
[0.9917396306991577, 0.008260371163487434]
[0.9985837936401367, 0.0014162402367219329]
[0.9987789988517761, 0.0012210337445139885]
[0.9956425428390503, 0.004357440862804651]
[0.9574689865112305, 0.04253101721405983]
[0.9991580247879028, 0.0008420146768912673]
[0.9762409329414368, 0.02375905029475689]
[0.9993815422058105, 0.0006183770601637661]
[0.9984337687492371, 0.001566269900649786]
[0.9783913493156433, 0.02160867303609848]
[0.9820992946624756, 0.01790074072778225]
[0.973587691783905, 0.026412272825837135]
[0.9987784028053284, 0.0012216235045343637]
[0.07707114517688751, 0.9229288101196289]
[0.8562179803848267, 0.14378207921981812]
[0.14413700997829437, 0.8558630347251892]
[0.8762947916984558, 0.12370521575212479]
[0.029182398691773415, 0.9708176255226135]
[nan, nan]
[0.05789463594555855, 0.9421053528785706]
[0.10139938443899155, 0.898600697517395]
[nan, nan]
[0.9956364035606384, 0.004363658372312784]
[0.09733981639146805, 0.9026601910591125]
[0.9999908208847046, 9.139333997154608e-06]
[0.9968235492706299, 0.0031764779705554247]
[0.4120233952999115, 0.5879765748977661]
[0.9991807341575623, 0.0008192072855308652]
[0.14911150932312012, 0.8508884310722351]
[0.9920976161956787, 0.007902373559772968]
[0.9764078855514526, 0.02359212562441826]
[0.9944618344306946, 0.005538094323128462]
[0.8464130163192749, 0.1535869836807251]
[0.9991169571876526, 0.0008830463048070669]
[1.0, 6.9409394898301e-11]
[0.9964035749435425, 0.0035964963026344776]
[0.989025890827179, 0.010974163189530373]
[0.9999817609786987, 1.823127968236804e-05]
[0.9276015758514404, 0.07239846885204315]
[0.999995231628418, 4.799491307494463e-06]
[0.8341601490974426, 0.16583983600139618]
[0.9996535778045654, 0.00034637856879271567]
[0.9932356476783752, 0.006764385849237442]
[0.9869632124900818, 0.013036775402724743]
[0.9355242252349854, 0.06447573751211166]
[0.99753737449646, 0.0024626299273222685]
[0.9447273015975952, 0.05527264252305031]
[0.9988584518432617, 0.0011415727203711867]
[0.19102801382541656, 0.8089719414710999]
[0.9995125532150269, 0.00048741415957920253]
[0.5795238018035889, 0.4204762578010559]
[0.9999796152114868, 2.0441888409550302e-05]
[0.5690849423408508, 0.43091508746147156]
[0.9398015141487122, 0.06019853428006172]
[0.9926671385765076, 0.007332931738346815]
[0.8243089318275452, 0.17569105327129364]
[0.9945377707481384, 0.005462179891765118]
[0.23705193400382996, 0.7629480957984924]
[nan, nan]
[0.2612316608428955, 0.7387683391571045]
[nan, nan]
[0.03917733207345009, 0.9608226418495178]
[nan, nan]
[0.20255814492702484, 0.797441840171814]
[nan, nan]
[nan, nan]
[0.7605583071708679, 0.23944176733493805]
[nan, nan]
[0.9990875720977783, 0.0009123706840910017]
[0.9991933703422546, 0.0008066138252615929]
[0.9999901056289673, 9.945322744897567e-06]
[0.9923954010009766, 0.007604650221765041]
[0.9999967813491821, 3.241073727622279e-06]
[nan, nan]
[0.9891679286956787, 0.010832030326128006]
[0.06352365761995316, 0.9364764094352722]
[0.9997544884681702, 0.0002455503854434937]
[0.11651942878961563, 0.8834805488586426]
[0.9999570846557617, 4.2920830310322344e-05]
[0.195607528090477, 0.8043925166130066]
[0.9999979734420776, 2.0517643406492425e-06]
[0.11666643619537354, 0.8833335638046265]
[0.9973968267440796, 0.0026031234301626682]
[0.988579273223877, 0.011420766822993755]
[0.9999090433120728, 9.092682012123987e-05]
[0.999954104423523, 4.5944019802846014e-05]
[0.9647597074508667, 0.035240255296230316]
[0.9962826371192932, 0.0037174115423113108]
[0.9911420345306396, 0.008857940323650837]
[0.9998894929885864, 0.00011053484195144847]
[0.9609479904174805, 0.03905204311013222]
[0.9998608827590942, 0.0001391206751577556]
[0.8801958560943604, 0.11980413645505905]
[0.9981374740600586, 0.0018625666853040457]
[0.9999992847442627, 7.02430725141312e-07]
[0.9976956248283386, 0.002304336754605174]
[0.9998816251754761, 0.00011836011981358752]
[0.9995287656784058, 0.00047128109144978225]
[0.9416626691818237, 0.058337341994047165]
[0.9997709393501282, 0.00022912280110176653]
[0.9579721689224243, 0.04202780872583389]
[0.9999561309814453, 4.3874228140339255e-05]
[0.9329527020454407, 0.06704727560281754]
[0.9993708729743958, 0.0006291160825639963]
[nan, nan]
[0.984654426574707, 0.015345558524131775]
[0.9101591110229492, 0.08984088897705078]
[0.9999090433120728, 9.089335799217224e-05]
[nan, nan]
[0.9999949932098389, 4.9601603677729145e-06]
[nan, nan]
[nan, nan]
[nan, nan]
[nan, nan]
[0.032553400844335556, 0.9674466252326965]
[nan, nan]
[nan, nan]
[nan, nan]
[0.1128879189491272, 0.8871120810508728]
[nan, nan]
[nan, nan]
[0.9889448285102844, 0.011055193841457367]
[nan, nan]
[nan, nan]
[0.9981309771537781, 0.001869051018729806]
[nan, nan]
[1.0, 2.3329560505658264e-10]
[0.16035470366477966, 0.839645266532898]
[1.0, 2.2692926704426242e-10]
[0.23085688054561615, 0.7691431045532227]
[1.0, 1.274310755387028e-14]
[1.0, 1.7091161876736519e-15]
[1.0, 3.806202228395783e-11]
[0, 0]
[0, 0]
[0, 0]
[0, 0]
[0, 0]
[0, 0]
[0, 0]
[0, 0]
[0, 0]
[0, 0]
[0, 0]
[0, 0]
[0, 0]
[0, 0]
[0, 0]
[0, 0]
[0, 0]
[0, 0]
[0, 0]
[0, 0]
[0.9967259168624878, 0.0032740700989961624]
[nan, nan]
[0.7542694807052612, 0.24573054909706116]
[nan, nan]
[1.0, 4.082364600446059e-13]
[0.17998045682907104, 0.820019543170929]
[0.999962568283081, 3.74402770830784e-05]
[0.23911669850349426, 0.7608832716941833]
[1.0, 3.6886506761361904e-13]
[0.8231074810028076, 0.1768924742937088]
[0.9999927282333374, 7.293443559319712e-06]
[0.9999916553497314, 8.364836503460538e-06]
[0.992484986782074, 0.007515076082199812]
[0.9999991655349731, 7.976755682648218e-07]
[0.9934936165809631, 0.006506449077278376]
[1.0, 2.5674080916804343e-13]
[0.9992590546607971, 0.000740879331715405]
[1.0, 4.2394490695762954e-11]
[0.9998608827590942, 0.000139135547215119]
[1.0, 1.0926328201585345e-12]
[1.0, 1.4133376272703474e-13]
[0.9925885200500488, 0.007411399390548468]
[1.0, 1.2331801161821754e-12]
[0.9994940757751465, 0.0005059128161519766]
[1.0, 3.4755949288430227e-15]
[1.0, 4.491914219056925e-12]
[0.9999984502792358, 1.4924462448107079e-06]
[0.9999998807907104, 7.030514126427079e-08]
[1.0, 3.949898047528322e-11]
[0.9997679591178894, 0.0002321054198546335]
[0.9999904632568359, 9.51701349549694e-06]
[1.0, 5.500428237881216e-12]
[1.0, 1.6223084074035166e-12]
[1.0, 1.0953417860226633e-11]
[1.0, 4.295261923914495e-10]
[1.0, 3.9422663050681095e-11]
[1.0, 2.9536614040009956e-12]
[0.45294493436813354, 0.5470550656318665]
[nan, nan]
[0.4540660083293915, 0.5459339618682861]
[nan, nan]
[nan, nan]
[1.0, 6.602714819337052e-09]
[0.9825931787490845, 0.01740679144859314]
[nan, nan]
[0.31503787636756897, 0.6849621534347534]
[nan, nan]
[0.9070351123809814, 0.09296488016843796]
[0.062353868037462234, 0.9376461505889893]
[0.9747402667999268, 0.025259729474782944]
[0.9999834299087524, 1.656813401496038e-05]
[0, 0]
[0, 0]
[0, 0]
[0.9456548094749451, 0.05434514582157135]
[0.9999988079071045, 1.174634348899417e-06]
[0.9845497608184814, 0.015450243838131428]
[0, 0]
[0.983915388584137, 0.01608455553650856]
[0.9999998807907104, 1.432059804074015e-07]
[0.9772630333900452, 0.022736959159374237]
[0, 0]
[0, 0]
[0.9927517175674438, 0.0072482493706047535]
[0, 0]
[0, 0]
[0.9999918937683105, 8.158826858561952e-06]
[0.9995429515838623, 0.00045708782272413373]
[nan, nan]
[0.05482201278209686, 0.9451780319213867]
[0.9853413701057434, 0.01465863361954689]
[0.46287307143211365, 0.5371269583702087]
[0.9869450926780701, 0.013054942712187767]
[0.34955036640167236, 0.6504496335983276]
[0.96559739112854, 0.03440257906913757]
[0.580535352230072, 0.419464647769928]
[nan, nan]
[nan, nan]
[0.9999212026596069, 7.879098848206922e-05]
[nan, nan]
[0.9997703433036804, 0.00022968709527049214]
[nan, nan]
[1.0, 1.8288135450461596e-09]
[0.15517890453338623, 0.8448210954666138]
[1.0, 7.368614182365341e-13]
[0.14492793381214142, 0.855072021484375]
[1.0, 5.539019243272492e-10]
[0.1543484330177307, 0.8456515669822693]
[1.0, 4.390508789864356e-10]
[1.0, 7.8999136121638e-09]
[0.5590139627456665, 0.4409860670566559]
[0.9843065738677979, 0.015693392604589462]
[0.6031343340873718, 0.3968656659126282]
[1.0, 7.337112584160366e-10]
[0.9334276914596558, 0.06657236814498901]
[0.9820504188537598, 0.017949584871530533]
[0.9456562399864197, 0.05434378981590271]
[0.9923283457756042, 0.007671607658267021]
[1.0, 2.64547850292729e-09]
[1.0, 2.497394735456737e-09]
[1.0, 2.2924291354087245e-09]
[1.0, 7.0639671889694e-09]
[1.0, 1.3807776255703175e-08]
[1.0, 1.872525468016306e-09]
[1.0, 1.34600983137112e-10]
[1.0, 1.834975227321678e-11]
[0.9999977350234985, 2.2293681922747055e-06]
[0.9998873472213745, 0.00011262143380008638]
[0.9999667406082153, 3.32715135300532e-05]
[0.9999998807907104, 6.653462492067774e-08]
[0.07213510572910309, 0.9278649687767029]
[nan, nan]
[0.049391478300094604, 0.9506085515022278]
[0.005209123250097036, 0.9947909116744995]
[0.06313662230968475, 0.936863362789154]
[nan, nan]
[0.11380186676979065, 0.8861981630325317]
[0.8671085238456726, 0.13289152085781097]
[nan, nan]
[0.9999984502792358, 1.5831228665774688e-06]
[nan, nan]
[0.5081616044044495, 0.49183839559555054]
[nan, nan]
[0.6667266488075256, 0.33327335119247437]
[nan, nan]
[0.9984267950057983, 0.0015732785686850548]
[0, 0]
[0.1730281412601471, 0.8269718289375305]
[0.9985550045967102, 0.001445029047317803]
[0.1710260808467865, 0.8289739489555359]
[0.9963461756706238, 0.0036538266576826572]
[0.33831533789634705, 0.6616846919059753]
[0.9514609575271606, 0.04853906109929085]
[0.27901002764701843, 0.7209899425506592]
[0.7028019428253174, 0.297198086977005]
[0.8960554003715515, 0.1039445698261261]
[0.8838651180267334, 0.11613490432500839]
[0.02272968180477619, 0.9772703051567078]
[0.9798776507377625, 0.020122326910495758]
[0.21627630293369293, 0.7837236523628235]
[0.12769567966461182, 0.8723043203353882]
[0.9520919322967529, 0.047908052802085876]
[0.9820209741592407, 0.017979027703404427]
[0.12138562649488449, 0.8786144256591797]
[0.8927263021469116, 0.10727370530366898]
[0.7350029945373535, 0.26499703526496887]
[0.9430928230285645, 0.056907132267951965]
[0.7070282697677612, 0.29297178983688354]
[0.029810456559062004, 0.9701895117759705]
[0, 0]
[0.9925472140312195, 0.007452759426087141]
[0, 0]
[0.9246345162391663, 0.07536543905735016]
[0.0028337284456938505, 0.9971662163734436]
[0.17201267182826996, 0.8279873132705688]
[nan, nan]
[0.5131152868270874, 0.4868846833705902]
[nan, nan]
[0.07275450974702835, 0.9272454380989075]
[0.9991744160652161, 0.0008255839347839355]
[0.3388237953186035, 0.6611762046813965]
[nan, nan]
[0.2402230203151703, 0.7597770094871521]
[1.0, 9.962569436083868e-09]
[nan, nan]
[0, 0]
[0, 0]
[0, 0]
[0, 0]
[0, 0]
[0, 0]
[0, 0]
[0, 0]
[0, 0]
[0, 0]
[0, 0]
[0, 0]
[0, 0]
[0, 0]
[0, 0]
[0, 0]
[0, 0]
[0, 0]
[0, 0]
[0.9998480081558228, 0.00015199781046248972]
[0, 0]
[0.9999996423721313, 3.0766170766582945e-07]
[0, 0]
[0.9957923889160156, 0.0042076027020812035]
[0, 0]
[0.9133032560348511, 0.08669675886631012]
[0, 0]
[0.9790522456169128, 0.02094772644340992]
[0, 0]
[1.0, 3.077533367035201e-11]
[0, 0]
[0.9999998807907104, 7.256066680838558e-08]
[0, 0]
[0.9999762773513794, 2.3737022274872288e-05]
[nan, nan]
[0.9047183394432068, 0.0952817052602768]
[nan, nan]
[0, 0]
[0, 0]
[0, 0]
[0, 0]
[0, 0]
[0, 0]
[0, 0]
[0, 0]
[0, 0]
[0, 0]
[0, 0]
[nan, nan]
[0.03311867639422417, 0.966881275177002]
[nan, nan]
[0, 0]
[0, 0]
[0, 0]
[0, 0]
[0, 0]
[0, 0]
[0, 0]
[0.9869840145111084, 0.013016024604439735]
[0, 0]
[0, 0]
[0.5036600232124329, 0.49633991718292236]
[0, 0]
[0, 0]
[0, 0]
[0.9999991655349731, 8.040744319259829e-07]
[0, 0]
[0, 0]
[0.9923999309539795, 0.007600069977343082]
[0.9973963499069214, 0.002603633562102914]
[0, 0]
[0.9476147294044495, 0.05238528177142143]
[0, 0]
[0, 0]
[0, 0]
[0, 0]
[0, 0]
[0, 0]
[0.9975010752677917, 0.0024988732766360044]
[0.5629920959472656, 0.4370078444480896]
[0, 0]
[0.18743298947811127, 0.8125669956207275]
[0, 0]
[nan, nan]
[0, 0]
[0.2571949064731598, 0.7428051233291626]
[0, 0]
[0.12861484289169312, 0.8713851571083069]
[nan, nan]
[0.43161386251449585, 0.5683861970901489]
[0.971900224685669, 0.02809976041316986]
[nan, nan]
[0, 0]
[0, 0]
[0, 0]
[0, 0]
[0, 0]
[0, 0]
[0.999927282333374, 7.275880489032716e-05]
[0, 0]
[0.9994066953659058, 0.0005933591164648533]
[0, 0]
[0.999971866607666, 2.815051811921876e-05]
[0, 0]
[0.2114800363779068, 0.7885199785232544]
[0.9999840259552002, 1.5921306840027682e-05]
[0, 0]
[1.0, 4.929976240609923e-13]
[0.9999871253967285, 1.2896654880023561e-05]
[0.9648351669311523, 0.03516478091478348]
[0.9999545812606812, 4.547482240013778e-05]
[0, 0]
[1.0, 4.544752313877633e-15]
[1.0, 2.843394736242594e-14]
[0, 0]
[0.9999874830245972, 1.2540730494947638e-05]
[0, 0]
[0.9920712113380432, 0.007928818464279175]
[0.9999850988388062, 1.485636403231183e-05]
[0.9993281364440918, 0.0006719278753735125]
[0, 0]
[0.9910195469856262, 0.008980406448245049]
[0.9999994039535522, 5.782602556791971e-07]
[0.979314386844635, 0.020685609430074692]
[0.9999992847442627, 7.16916417786706e-07]
[0.9295061230659485, 0.07049384713172913]
[0.9999996423721313, 3.1674031220063625e-07]
[1.0, 1.6015092585419666e-09]
[0.7693735957145691, 0.23062635958194733]
[1.0, 2.290786760283936e-08]
[0, 0]
[0.9999932050704956, 6.832845429016743e-06]
[nan, nan]
[0.9950790405273438, 0.004920959938317537]
[0.9999967813491821, 3.1639960980101023e-06]
[0.9966644644737244, 0.003335517831146717]
[1.0, 1.443753561147787e-08]
[0.9984468817710876, 0.0015531769022345543]
[0.999930739402771, 6.92711619194597e-05]
[0.9999988079071045, 1.1650665783236036e-06]
[0.9999833106994629, 1.6737552869017236e-05]
[0.9642179012298584, 0.03578205779194832]
[0.99998939037323, 1.0641516382747795e-05]
[1.0, 4.011996956876374e-09]
[0.024544518440961838, 0.9754554629325867]
[nan, nan]
[0.9999481439590454, 5.1821039960486814e-05]
[0.04210216552019119, 0.9578977823257446]
[nan, nan]
[0.9999990463256836, 9.936211426975206e-07]
[0.060732707381248474, 0.9392672181129456]
[nan, nan]
[0.9996788501739502, 0.0003211519797332585]
[0.4986579418182373, 0.5013419985771179]
[0.9990894794464111, 0.0009105686913244426]
[0.996130108833313, 0.0038698981516063213]
[0.26443934440612793, 0.7355606555938721]
[0.9793399572372437, 0.020660070702433586]
[0.9998548030853271, 0.0001451314310543239]
[0.9801738262176514, 0.01982617750763893]
[0.9994542002677917, 0.000545804388821125]
[0.38904356956481934, 0.6109564304351807]
[0.9991758465766907, 0.0008241121540777385]
[0.562819242477417, 0.4371807873249054]
[0.9989280104637146, 0.0010720270220190287]
[0.9918964505195618, 0.008103563450276852]
[nan, nan]
[0.9999997615814209, 2.2595258997171186e-07]
[0.10728828608989716, 0.8927116394042969]
[1.0, 7.790085909675781e-09]
[1.0, 4.7023441140936484e-08]
[0.10651515424251556, 0.8934847712516785]
[0.9955289959907532, 0.004470975138247013]
[0.9970009922981262, 0.002998971613124013]
[0.9954368472099304, 0.0045632063411176205]
[0.6591044068336487, 0.3408955931663513]
[1.0, 8.15574885404402e-10]
[1.0, 7.749908270682226e-09]
[0.9807634353637695, 0.019236544147133827]
[0.9969037175178528, 0.003096249420195818]
[1.0, 1.5923828922126404e-10]
[1.0, 1.0448133025420248e-08]
[1.0, 2.1339512101814506e-10]
[1.0, 1.4384005098122543e-10]
[1.0, 9.379692578193044e-10]
[1.0, 6.82281431352294e-09]
[1.0, 3.752820276758939e-08]
[1.0, 4.672290887519637e-10]
[1.0, 5.5913891572334506e-11]
[0.7145287394523621, 0.28547126054763794]
[nan, nan]
[0.9203797578811646, 0.07962021976709366]
[nan, nan]
[0.05921033397316933, 0.9407896995544434]
[nan, nan]
[0.14796987175941467, 0.8520300984382629]
[nan, nan]
[nan, nan]
[0.9999886751174927, 1.1337586329318583e-05]
[nan, nan]
[1.0, 4.773684567213263e-14]
[0.10370034724473953, 0.8962996006011963]
[1.0, 6.790285784959724e-15]
[0.048310261219739914, 0.9516897201538086]
[1.0, 6.378676753460155e-11]
[0.9131994247436523, 0.08680055290460587]
[0.9999804496765137, 1.958731809281744e-05]
[0.9502764344215393, 0.04972359910607338]
[1.0, 1.8517786859028468e-14]
[1.0, 4.676360427363635e-12]
[0.9864320158958435, 0.013567942194640636]
[0.999993085861206, 6.946326266188407e-06]
[0.8975942730903625, 0.10240578651428223]
[1.0, 5.3818982690551076e-14]
[0.8703046441078186, 0.12969538569450378]
[0.9999874830245972, 1.2490171684476081e-05]
[1.0, 2.574232398967237e-14]
[0.9999912977218628, 8.70918211148819e-06]
[0.9740395545959473, 0.025960443541407585]
[0.9999961853027344, 3.8493453757837415e-06]
[1.0, 4.625613721264202e-14]
[0.9999998807907104, 1.182420490408731e-07]
[1.0, 1.2684841512681372e-13]
[0.9998998641967773, 0.00010011391714215279]
[0.9574440717697144, 0.042555976659059525]
[1.0, 2.394324972662676e-13]
[0.9999591112136841, 4.09192725783214e-05]
[0.0538138672709465, 0.9461861252784729]
[nan, nan]
[0.19981348514556885, 0.8001865148544312]
[0.9999585151672363, 4.142434409004636e-05]
[0.17390376329421997, 0.8260962963104248]
[nan, nan]
[0.27292442321777344, 0.7270756363868713]
[nan, nan]
[0.29077979922294617, 0.7092202305793762]
[0, 0]
[0, 0]
[0, 0]
[0, 0]
[0, 0]
[0, 0]
[0, 0]
[0, 0]
[0, 0]
[0, 0]
[0, 0]
[0, 0]
[0, 0]
[0, 0]
[0, 0]
[0, 0]
[0, 0]
[0, 0]
[0, 0]
[0, 0]
[0.48197320103645325, 0.5180268287658691]
[nan, nan]
[1.0, 1.4301763766322306e-11]
[0.03253624960780144, 0.9674637317657471]
[1.0, 2.2210233652231182e-11]
[0.04411579295992851, 0.9558842778205872]
[0, 0]
[0, 0]
[0, 0]
[0, 0]
[1.0, 1.3592280190266592e-08]
[0.5351074934005737, 0.4648924767971039]
[0, 0]
[0.997108519077301, 0.0028914418071508408]
[0, 0]
[nan, nan]
[nan, nan]
[1.0, 1.2298286295795552e-15]
[0, 0]
[0.9999305009841919, 6.950931128812954e-05]
[0.999891996383667, 0.00010797096911119297]
[0, 0]
